probabilities sum to 1.000000
        0              1              2              3              4              5              6              7              8              9             10             11             12             13             14         
  0  0.000000    0  0.066667    0  0.200000    1  0.422222    2  0.733333    2  1.088889    3  1.466667    3  1.755556    4  2.000000    4  2.133333    4  2.266667    4  2.511111    4  2.844444    5  3.266667    5  3.777778    5 

  1  -------------  0.000000    0  0.111111    1  0.311111    2  0.622222    2  0.955556    3  1.333333    3  1.622222    4  1.866667    4  2.000000    4  2.133333    4  2.377778    4  2.688889    5  3.111111    5  3.622222    5 

  2  -------------  -------------  0.000000    0  0.155556    2  0.422222    3  0.755556    3  1.088889    4  1.377778    4  1.622222    4  1.755556    4  1.888889    4  2.133333    4  2.444444    5  2.866667    5  3.355556    6 

  3  -------------  -------------  -------------  0.000000    0  0.200000    3  0.511111    4  0.800000    4  1.088889    4  1.333333    4  1.466667    4  1.600000    4  1.822222    5  2.133333    5  2.511111    6  3.000000    6 

  4  -------------  -------------  -------------  -------------  0.000000    0  0.222222    4  0.511111    4  0.755556    5  0.955556    5  1.088889    5  1.222222    5  1.444444    5  1.755556    5  2.133333    6  2.577778    7 

  5  -------------  -------------  -------------  -------------  -------------  0.000000    0  0.200000    5  0.422222    5  0.622222    6  0.733333    6  0.844444    6  1.044444    6  1.333333    6  1.688889    7  2.133333   10 

  6  -------------  -------------  -------------  -------------  -------------  -------------  0.000000    0  0.155556    6  0.311111    6  0.422222    6  0.533333    6  0.711111    7  0.955556    7  1.288889   10  1.688889   11 

  7  -------------  -------------  -------------  -------------  -------------  -------------  -------------  0.000000    0  0.111111    7  0.200000    7  0.288889    7  0.444444    8  0.666667    8  0.955556   10  1.333333   12 

  8  -------------  -------------  -------------  -------------  -------------  -------------  -------------  -------------  0.000000    0  0.066667    8  0.133333    8  0.266667    8  0.444444   10  0.711111   11  1.044444   12 

  9  -------------  -------------  -------------  -------------  -------------  -------------  -------------  -------------  -------------  0.000000    0  0.044444    9  0.133333   10  0.288889   11  0.533333   12  0.844444   12 

 10  -------------  -------------  -------------  -------------  -------------  -------------  -------------  -------------  -------------  -------------  0.000000    0  0.066667   10  0.200000   11  0.422222   12  0.733333   12 

 11  -------------  -------------  -------------  -------------  -------------  -------------  -------------  -------------  -------------  -------------  -------------  0.000000    0  0.111111   11  0.311111   12  0.622222   12 

 12  -------------  -------------  -------------  -------------  -------------  -------------  -------------  -------------  -------------  -------------  -------------  -------------  0.000000    0  0.155556   12  0.422222   13 

 13  -------------  -------------  -------------  -------------  -------------  -------------  -------------  -------------  -------------  -------------  -------------  -------------  -------------  0.000000    0  0.200000   13 

 14  -------------  -------------  -------------  -------------  -------------  -------------  -------------  -------------  -------------  -------------  -------------  -------------  -------------  -------------  0.000000    0 

Code tree:
         14
      12 14  cost 0.422222
            13
         12 13  cost 0.155556
            12
   6 14  cost 1.688889
               11
            9 11  cost 0.133333
                  10
               9 10  cost 0.044444
                  9
         8 11  cost 0.266667
            8
      6 11  cost 0.711111
            7
         6 7  cost 0.155556
            6
0 14  cost 3.777778
         5
      4 5  cost 0.222222
         4
   0 5  cost 1.088889
         3
      0 3  cost 0.422222
            2
         0 2  cost 0.200000
               1
            0 1  cost 0.066667
               0
Codes & prob*# of bits
0 00000 0.111111
1 00001 0.222222
2 0001 0.266667
3 001 0.266667
4 010 0.333333
5 011 0.333333
6 1000 0.355556
7 1001 0.266667
8 1010 0.177778
9 101100 0.133333
10 101101 0.133333
11 10111 0.222222
12 1100 0.266667
13 1101 0.355556
14 111 0.333333
Expected bits per symbol 3.777778